0 0 6
0 1 12
0 2 12
0 3 12
0 4 12
0 5 12
0 6 12
0 7 12
0 8 12
0 9 12
0 10 12
0 11 12
0 12 12
0 13 4
0 14 12
0 15 5
1 0 10
1 1 12
1 2 12
1 3 4
1 4 12
1 5 12
1 6 12
1 7 13
1 8 6
1 9 12
1 10 12
1 11 12
1 12 4
1 13 1
1 14 7
1 15 3
2 0 6
2 1 4
2 2 5
2 3 10
2 4 12
2 5 12
2 6 4
2 7 13
2 8 2
2 9 12
2 10 12
2 11 12
2 12 1
2 13 11
2 14 2
2 15 1
3 0 3
3 1 3
3 2 3
3 3 14
3 4 4
3 5 12
3 6 9
3 7 7
3 8 10
3 9 12
3 10 12
3 11 12
3 12 0
3 13 12
3 14 9
3 15 3
4 0 10
4 1 8
4 2 0
4 3 12
4 4 8
4 5 12
4 6 13
4 7 3
4 8 6
4 9 12
4 10 4
4 11 13
4 12 2
4 13 12
4 14 5
4 15 3
5 0 6
5 1 12
5 2 9
5 3 6
5 4 12
5 5 12
5 6 12
5 7 8
5 8 8
5 9 13
5 10 10
5 11 12
5 12 9
5 13 7
5 14 3
5 15 3
6 0 10
6 1 12
6 2 5
6 3 10
6 4 12
6 5 12
6 6 13
6 7 14
6 8 12
6 9 12
6 10 4
6 11 12
6 12 12
6 13 1
6 14 3
6 15 3
7 0 6
7 1 12
7 2 0
7 3 12
7 4 12
7 5 12
7 6 13
7 7 6
7 8 5
7 9 6
7 10 8
7 11 13
7 12 6
7 13 8
7 14 3
7 15 3
8 0 10
8 1 12
8 2 8
8 3 12
8 4 4
8 5 12
8 6 13
8 7 2
8 8 9
8 9 3
8 10 14
8 11 12
8 12 8
8 13 5
8 14 3
8 15 3
9 0 6
9 1 12
9 2 12
9 3 4
9 4 8
9 5 4
9 6 5
9 7 3
9 8 6
9 9 9
9 10 6
9 11 5
9 12 6
9 13 9
9 14 3
9 15 3
10 0 10
10 1 12
10 2 5
10 3 3
10 4 6
10 5 9
10 6 3
10 7 10
10 8 9
10 9 7
10 10 3
10 11 3
10 12 10
10 13 5
10 14 3
10 15 3
11 0 14
11 1 4
11 2 9
11 3 2
11 4 9
11 5 6
11 6 1
11 7 6
11 8 5
11 9 2
11 10 3
11 11 3
11 12 7
11 13 10
11 14 9
11 15 3
12 0 6
12 1 8
12 2 4
12 3 9
12 4 6
12 5 1
12 6 3
12 7 3
12 8 3
12 9 3
12 10 3
12 11 2
12 12 1
12 13 6
12 14 12
12 15  1
13 0 2
13 1 4
13 2 9
13 3 6
13 4 1
13 5 3
13 6 3
13 7 3
13 8 3
13 9 3
13 10 3
13 11 3
13 12 1
13 13 2
13 14 12
13 15 1
14 0 3
14 1 3
14 2 6
14 3 1
14 4 3
14 5 3
14 6 3
14 7 3
14 8 3
14 9 3
14 10 3
14 11 3
14 12 2
14 13 8
14 14 4
14 15 9
15 0 11
15 1 10
15 2 9
15 3 11
15 4 10
15 5 9
15 6 10
15 7 8
15 8 8
15 9 9
15 10 10
15 11 9
15 12 10
15 13 12
15 14 8
15 15 13