0 0 14
0 1 12
0 2 4
0 3 13
0 4 6
0 5 12
0 6 12
0 7 5
0 8 6
0 9 4
0 10 12
0 11 12
0 12 4
0 13 12
0 14 13
0 15 7
1 0 6
1 1 12
1 2 0
1 3 12
1 4 8
1 5 12
1 6 13
1 7 11
1 8 3
1 9 2
1 10 13
1 11 14
1 12 0
1 13 13
1 14 6
1 15 9
2 0 3
2 1 14
2 2 0
2 3 13
2 4 6
2 5 5
2 6 6
2 7 5
2 8 3
2 9 11
2 10 7
2 11 14
2 12 0
2 13 13
2 14 10
2 15 5
3 0 3
3 1 7
3 2 10
3 3 12
3 4 9
3 5 10
3 6 9
3 7 3
3 8 3
3 9 6
3 10 1
3 11 14
3 12 0
3 13 13
3 14 6
3 15 1
4 0 10
4 1 8
4 2 12
4 3 12
4 4 12
4 5 5
4 6 6
4 7 9
4 8 3
4 9 3
4 10 2
4 11 12
4 12 9
4 13 6
4 14 9
4 15 3
5 0 6
5 1 5
5 2 6
5 3 4
5 4 12
5 5 9
5 6 3
5 7 6
5 8 9
5 9 3
5 10 2
5 11 12
5 12 12
5 13 9
5 14 7
5 15 3
6 0 3
6 1 10
6 2 9
6 3 11
6 4 14
6 5 12
6 6 8
6 7 9
6 8 6
6 9 9
6 10 11
6 11 7
6 12 14
6 13 5
6 14 2
6 15 1
7 0 10
7 1 12
7 2 12
7 3 4
7 4 12
7 5 12
7 6 13
7 7 6
7 8 1
7 9 6
7 10 12
7 11 8
7 12 12
7 13 8
7 14 9
7 15 11
8 0 6
8 1 4
8 2 5
8 3 2
8 4 5
8 5 6
8 6 5
8 7 10
8 8 9
8 9 10
8 10 4
8 11 5
8 12 6
8 13 5
8 14 6
8 15 5
9 0 3
9 1 3
9 2 3
9 3 3
9 4 3
9 5 3
9 6 3
9 7 7
9 8 7
9 9 7
9 10 11
9 11 10
9 12 9
9 13 10
9 14 9
9 15 3
10 0 3
10 1 3
10 2 3
10 3 11
10 4 10
10 5 9
10 6 10
10 7 1
10 8 3
10 9 10
10 10 12
10 11 4
10 12 12
10 13 5
10 14 14
10 15 1
11 0 3
11 1 3
11 2 3
11 3 14
11 4 4
11 5 12
11 6 5
11 7 3
11 8 3
11 9 6
11 10 5
11 11 10
11 12 5
11 13 10
11 14 5
11 15 3
12 0 3
12 1 3
12 2 3
12 3 6
12 4 9
12 5 14
12 6 8
12 7 9
12 8 3
12 9 3
12 10 10
12 11 5
12 12 10
12 13 5
12 14 10
12 15  1
13 0 3
13 1 3
13 2 2
13 3 9
13 4 6
13 5 12
13 6 5
13 7 6
13 8 0
13 9 1
13 10 7
13 11 10
13 12 5
13 13 10
13 14 5
13 15 11
14 0 3
14 1 3
14 2 11
14 3 6
14 4 9
14 5 6
14 6 9
14 7 3
14 8 3
14 9 11
14 10 10
14 11 12
14 12 1
14 13 7
14 14 2
14 15 13
15 0 11
15 1 10
15 2 12
15 3 9
15 4 14
15 5 8
15 6 12
15 7 9
15 8 10
15 9 12
15 10 12
15 11 13
15 12 10
15 13 8
15 14 8
15 15 13